200
355
792
54
390
140
196
927
403
348
848
8
236
649
232
518
300
853
323
770
365
720
208
436
598
970
812
746
991
698
289
775
87
300
358
80
757
247
766
738
135
965
943
190
542
163
881
756
975
238
333
295
98
787
898
196
113
551
195
74
167
101
990
632
194
755
9
311
536
753
612
573
440
768
550
768
113
10
395
138
219
482
565
248
755
118
72
608
620
466
622
527
495
823
546
858
128
95
242
466
379
820
615
497
404
820
574
385
820
44
101
323
184
314
295
809
636
634
131
205
448
446
817
115
270
428
644
984
282
843
20
10
510
385
771
853
921
417
858
163
696
312
514
25
601
227
327
815
436
813
918
808
783
899
823
156
778
874
159
582
797
814
502
522
833
782
820
538
670
169
365
989
723
364
170
992
559
575
632
872
671
794
536
646
140
471
75
382
49
737
708
192
529
222
575
124
358
526
809
523
394
