200
1
5
6
12
15
38
38
40
46
48
51
53
64
67
78
84
89
100
105
113
116
125
125
130
132
134
146
147
151
151
157
158
163
166
199
201
205
214
215
224
226
228
239
247
255
256
260
264
264
282
283
283
288
293
302
307
309
312
313
316
325
335
337
339
341
341
348
349
357
359
377
379
387
388
394
396
397
404
407
409
415
416
418
419
420
422
422
426
426
435
448
458
459
467
482
486
490
493
499
501
508
511
524
525
536
550
556
558
562
569
573
579
581
584
584
589
589
590
596
605
615
618
619
626
629
632
635
635
636
674
675
683
684
685
688
695
699
701
708
708
712
721
727
728
734
740
746
750
764
764
769
771
772
781
792
792
800
803
808
809
814
818
819
821
822
833
852
857
859
863
869
869
874
876
879
881
886
886
888
891
902
903
904
909
920
923
926
929
930
933
935
958
963
971
975
976
978
978
990
996
