200
8
9
10
10
20
25
44
49
54
72
74
75
80
87
95
98
101
101
113
113
115
118
124
128
131
135
138
140
140
156
159
163
163
167
169
170
184
190
192
194
195
196
196
205
208
219
222
227
232
236
238
242
247
248
270
282
289
295
295
300
300
311
312
314
323
323
327
333
348
355
358
358
364
365
365
379
382
385
385
390
394
395
403
404
417
428
436
436
440
446
448
466
466
471
482
495
497
502
510
514
518
522
523
526
527
529
536
536
538
542
546
550
551
559
565
573
574
575
575
582
598
601
608
612
615
620
622
632
632
634
636
644
646
649
670
671
696
698
708
720
723
737
738
746
753
755
755
756
757
766
768
768
770
771
775
778
782
783
787
792
794
797
808
809
809
812
813
814
815
817
820
820
820
820
823
823
833
843
848
853
853
858
858
872
874
881
898
899
918
921
927
943
965
970
975
984
989
990
991
992
