200
404
179
107
136
921
378
852
229
16
371
434
109
930
787
366
825
808
745
680
863
341
212
929
507
178
964
384
610
379
358
64
286
521
18
695
33
540
157
692
851
929
871
396
453
428
642
987
267
549
228
34
495
305
77
742
600
574
603
864
981
854
769
952
424
185
913
555
838
642
707
76
529
393
750
288
464
972
702
979
463
646
324
412
290
749
655
542
297
491
641
206
766
765
624
283
103
584
18
142
660
467
808
411
671
508
602
738
159
468
528
116
620
356
268
503
737
799
479
820
727
654
195
225
420
149
315
884
247
16
275
913
753
446
627
925
701
575
951
563
457
561
253
157
476
908
79
996
393
939
356
73
788
806
334
344
3
597
365
919
506
550
27
993
773
684
362
257
837
495
527
628
121
112
134
718
967
903
322
62
35
803
286
760
834
733
120
972
765
929
481
977
613
852
484
441
399
98
734
921
876
