200
891
325
420
105
869
134
426
264
418
683
158
808
459
228
635
886
499
348
971
684
923
341
727
435
215
721
556
996
619
38
511
205
573
857
151
701
387
116
151
501
256
239
929
800
48
904
415
53
64
482
349
525
975
590
888
909
426
493
629
5
688
379
879
335
247
930
416
293
819
89
772
558
226
255
316
283
147
963
569
264
260
282
157
312
626
100
589
508
224
579
859
584
12
40
1
881
764
635
990
833
874
341
302
746
313
125
214
163
584
448
750
562
46
978
596
388
699
199
78
674
581
978
852
146
339
132
933
803
675
283
486
6
792
818
422
201
38
589
125
734
458
695
397
15
792
821
166
636
920
685
708
524
467
419
67
876
926
903
781
822
490
976
130
404
740
935
288
708
536
632
764
771
51
728
357
886
869
113
307
309
407
615
814
409
712
902
618
396
359
769
809
863
422
550
84
958
394
337
605
377
