200
3
16
16
18
18
27
33
34
35
62
64
73
76
77
79
98
103
107
109
112
116
120
121
134
136
142
149
157
157
159
178
179
185
195
206
212
225
228
229
247
253
257
267
268
275
283
286
286
288
290
297
305
315
322
324
334
341
344
356
356
358
362
365
366
371
378
379
384
393
393
396
399
404
411
412
420
424
428
434
441
446
453
457
463
464
467
468
476
479
481
484
491
495
495
503
506
507
508
521
527
528
529
540
542
549
550
555
561
563
574
575
584
597
600
602
603
610
613
620
624
627
628
641
642
642
646
654
655
660
671
680
684
692
695
701
702
707
718
727
733
734
737
738
742
745
749
750
753
760
765
765
766
769
773
787
788
799
803
806
808
808
820
825
834
837
838
851
852
852
854
863
864
871
876
884
903
908
913
913
919
921
921
925
929
929
929
930
939
951
952
964
967
972
972
977
979
981
987
993
996
