200
826
11
630
286
554
758
317
905
424
421
202
73
179
483
769
619
10
909
497
135
192
533
918
509
918
312
975
459
883
45
433
349
69
410
729
448
211
422
800
598
221
189
648
107
335
305
256
807
497
686
949
232
499
495
303
117
642
18
454
613
189
983
165
370
135
256
755
463
843
639
241
797
719
974
504
33
587
387
416
527
835
367
19
382
811
512
188
964
679
65
232
51
848
491
595
458
425
412
896
704
165
50
166
11
785
107
123
839
477
666
637
792
951
989
256
1000
811
407
407
218
214
275
732
47
474
657
273
13
209
569
862
397
434
200
355
212
898
957
677
566
933
71
526
483
490
381
43
997
464
395
415
225
776
61
111
312
245
498
652
299
942
436
730
820
1
269
642
742
410
308
759
481
996
366
969
475
834
921
944
300
130
42
220
651
767
154
493
345
807
697
486
105
463
394
945
548
135
695
765
741
