200
141
280
786
415
56
65
567
692
127
529
797
326
965
675
331
817
844
933
583
515
649
119
953
529
548
746
718
863
353
520
105
468
215
783
644
294
763
675
982
555
779
456
592
315
369
43
672
619
836
961
611
835
551
80
976
87
576
282
734
595
377
517
545
825
959
816
203
412
662
982
481
668
590
110
385
562
721
634
911
740
275
699
731
371
230
81
617
168
534
200
11
441
890
669
168
444
642
246
27
558
993
615
779
125
468
579
314
177
48
979
628
856
841
609
916
375
380
780
974
397
231
916
973
86
111
613
212
615
156
883
458
94
419
688
120
592
589
22
630
140
420
162
14
513
69
951
394
212
482
24
397
612
513
853
324
794
765
44
544
745
433
498
284
298
509
960
865
520
657
300
903
580
688
18
782
424
221
142
871
488
212
822
579
885
633
288
438
982
795
179
721
901
433
945
357
225
362
82
489
428
