200
1
10
11
11
13
18
19
33
42
43
45
47
50
51
61
65
69
71
73
105
107
107
111
117
123
130
135
135
135
154
165
165
166
179
188
189
189
192
200
202
209
211
212
214
218
220
221
225
232
232
241
245
256
256
256
269
273
275
286
299
300
303
305
308
312
312
317
335
345
349
355
366
367
370
381
382
387
394
395
397
407
407
410
410
412
415
416
421
422
424
425
433
434
436
448
454
458
459
463
463
464
474
475
477
481
483
483
486
490
491
493
495
497
497
498
499
504
509
512
526
527
533
548
554
566
569
587
595
598
613
619
630
637
639
642
642
648
651
652
657
666
677
679
686
695
697
704
719
729
730
732
741
742
755
758
759
765
767
769
776
785
792
797
800
807
807
811
811
820
826
834
835
839
843
848
862
883
896
898
905
909
918
918
921
933
942
944
945
949
951
957
964
969
974
975
983
989
996
997
1000
