200
11
14
18
22
24
27
43
44
48
56
65
69
80
81
82
86
87
94
105
110
111
119
120
125
127
140
141
142
156
162
168
168
177
179
200
203
212
212
212
215
221
225
230
231
246
275
280
282
284
288
294
298
300
314
315
324
326
331
353
357
362
369
371
375
377
380
385
394
397
397
412
415
419
420
424
428
433
433
438
441
444
456
458
468
468
481
482
488
489
498
509
513
513
515
517
520
520
529
529
534
544
545
548
551
555
558
562
567
576
579
579
580
583
589
590
592
592
595
609
611
612
613
615
615
617
619
628
630
633
634
642
644
649
657
662
668
669
672
675
675
688
688
692
699
718
721
721
731
734
740
745
746
763
765
779
779
780
782
783
786
794
795
797
816
817
822
825
835
836
841
844
853
856
863
865
871
883
885
890
901
903
911
916
916
933
945
951
953
959
960
961
965
973
974
976
979
982
982
982
993
